14 16
00 00 00 00 10 20 00 10 00 00 00 00 00 00 00 00 
00 00 00 00 00 00 00 00 00 20 00 00 00 00 00 00 
00 00 00 20 20 10 00 12 00 00 10 00 00 00 00 00 
00 00 10 10 00 10 20 00 10 00 00 10 00 20 00 00 
00 11 00 20 10 00 00 10 10 00 00 00 10 00 00 00 
00 00 00 00 00 10 00 00 00 00 00 12 00 00 00 10 
00 00 00 00 10 00 10 00 00 10 00 00 10 20 20 10 
00 10 10 10 20 20 00 11 00 10 10 10 20 10 00 20 
00 00 10 10 00 00 00 00 00 10 00 00 00 10 10 00 
00 00 10 20 20 00 00 00 20 10 00 00 20 00 00 00 
00 00 10 10 10 10 00 00 00 10 10 10 20 10 00 00 
00 00 00 10 00 10 00 10 10 00 20 00 10 00 00 00 
00 00 00 00 00 10 00 00 10 00 10 10 00 00 00 00 
00 00 00 00 00 00 10 00 00 00 00 00 00 00 00 00 
Mosad 1 76
BoGodAkim 2 77
